1.000000000000000000e+00 5.916000000000000252e-03 7.794000000000000000e+03 0.000000000000000000e+00
1.034999999999999920e+00 6.244000000000000418e-03 7.245000000000000000e+03 0.000000000000000000e+00
1.072000000000000064e+00 6.585999999999999840e-03 6.736000000000000000e+03 0.000000000000000000e+00
1.500000000000000000e+00 1.064999999999999974e-02 3.801000000000000000e+03 0.000000000000000000e+00
2.000000000000000000e+00 1.541000000000000009e-02 1.917000000000000000e+03 0.000000000000000000e+00
3.000000000000000000e+00 2.459000000000000075e-02 7.002999999999999545e+02 0.000000000000000000e+00
4.000000000000000000e+00 3.291999999999999788e-02 3.351000000000000227e+02 0.000000000000000000e+00
4.557000000000000384e+00 3.712000000000000022e-02 2.386999999999999886e+02 0.000000000000000000e+00
4.701999999999999957e+00 3.815999999999999948e-02 6.166000000000000227e+02 0.000000000000000000e+00
4.852000000000000313e+00 3.923000000000000098e-02 5.773999999999999773e+02 0.000000000000000000e+00
5.000000000000000000e+00 4.025999999999999718e-02 7.277000000000000455e+02 0.000000000000000000e+00
5.187999999999999723e+00 4.154999999999999666e-02 6.611000000000000227e+02 0.000000000000000000e+00
6.000000000000000000e+00 4.678999999999999826e-02 5.297000000000000455e+02 0.000000000000000000e+00
8.000000000000000000e+00 5.798999999999999988e-02 2.489000000000000057e+02 0.000000000000000000e+00
1.000000000000000000e+01 6.730999999999999484e-02 1.375000000000000000e+02 0.000000000000000000e+00
1.500000000000000000e+01 8.409999999999999420e-02 4.570000000000000284e+01 0.000000000000000000e+00
2.000000000000000000e+01 9.463000000000000578e-02 2.062000000000000099e+01 0.000000000000000000e+00
3.000000000000000000e+01 1.067000000000000032e-01 6.607000000000000206e+00 0.000000000000000000e+00
3.316999999999999460e+01 1.089999999999999997e-01 4.972000000000000419e+00 0.000000000000000000e+00
4.000000000000000000e+01 1.126999999999999946e-01 1.823999999999999844e+01 0.000000000000000000e+00
5.000000000000000000e+01 1.156999999999999973e-01 1.006000000000000050e+01 0.000000000000000000e+00
6.000000000000000000e+01 1.169000000000000039e-01 6.110999999999999766e+00 0.000000000000000000e+00
8.000000000000000000e+01 1.165000000000000063e-01 2.745999999999999996e+00 0.000000000000000000e+00
1.000000000000000000e+02 1.144000000000000017e-01 1.461999999999999966e+00 0.000000000000000000e+00
1.500000000000000000e+02 1.071000000000000008e-01 4.591999999999999971e-01 0.000000000000000000e+00
2.000000000000000000e+02 1.000000000000000056e-01 2.018999999999999961e-01 0.000000000000000000e+00
3.000000000000000000e+02 8.859999999999999820e-02 6.481000000000000649e-02 0.000000000000000000e+00
4.000000000000000000e+02 8.008999999999999453e-02 2.987000000000000072e-02 0.000000000000000000e+00
5.000000000000000000e+02 7.351000000000000589e-02 1.684000000000000080e-02 0.000000000000000000e+00
6.000000000000000000e+02 6.822000000000000286e-02 1.078999999999999924e-02 0.000000000000000000e+00
8.000000000000000000e+02 6.011999999999999983e-02 5.588000000000000085e-03 0.000000000000000000e+00
1.000000000000000000e+03 5.412999999999999756e-02 3.491000000000000179e-03 0.000000000000000000e+00
1.022000000000000000e+03 5.355000000000000038e-02 3.322999999999999999e-03 0.000000000000000000e+00
1.250000000000000000e+03 4.846000000000000307e-02 2.239999999999999804e-03 1.633999999999999873e-04
1.500000000000000000e+03 4.406999999999999806e-02 1.603999999999999957e-03 7.594000000000000273e-04
2.000000000000000000e+03 3.763999999999999985e-02 9.761000000000000362e-04 2.575000000000000032e-03
2.044000000000000000e+03 3.717000000000000165e-02 9.414999999999999541e-04 2.750999999999999973e-03
3.000000000000000000e+03 2.963000000000000009e-02 5.178000000000000094e-04 6.528360000000000413e-03
4.000000000000000000e+03 2.471999999999999892e-02 3.427999999999999841e-04 1.005228000000000024e-02
5.000000000000000000e+03 2.135000000000000092e-02 2.534999999999999819e-04 1.311416999999999965e-02
6.000000000000000000e+03 1.887000000000000136e-02 2.000000000000000096e-04 1.575910000000000158e-02
7.000000000000000000e+03 1.696999999999999897e-02 1.646999999999999918e-04 1.812390000000000181e-02
8.000000000000000000e+03 1.544000000000000060e-02 1.398000000000000100e-04 2.025729999999999892e-02
9.000000000000000000e+03 1.420000000000000082e-02 1.212000000000000051e-04 2.218890000000000098e-02
1.000000000000000000e+04 1.315000000000000023e-02 1.068999999999999963e-04 2.395830000000000182e-02
1.100000000000000000e+04 1.226999999999999966e-02 9.564999999999999392e-05 2.559559999999999960e-02
1.200000000000000000e+04 1.149999999999999981e-02 8.647999999999999871e-05 2.710080000000000128e-02
1.300000000000000000e+04 1.084000000000000068e-02 7.888000000000000372e-05 2.851400000000000115e-02
1.400000000000000000e+04 1.025000000000000043e-02 7.249000000000000560e-05 2.980549999999999866e-02
1.500000000000000000e+04 9.737000000000000863e-03 6.705999999999999830e-05 3.100540000000000240e-02
1.600000000000000000e+04 9.270999999999999727e-03 6.239999999999999887e-05 3.212389999999999690e-02
1.800000000000000000e+04 8.470999999999999364e-03 5.471999999999999786e-05 3.416619999999999380e-02
2.000000000000000000e+04 7.811000000000000235e-03 4.873000000000000270e-05 3.599420000000000397e-02
